0.006504673934148844 0.33542139802064186
0.02011317300490971 0.33164309207070797
0.033721672075670575 0.31947694691192086
0.04163934426229508 0.3027869100957463
0.052060398096161156 0.28611672790691633
0.06217580649635236 0.2666562297318451
0.0718077960983844 0.250031683552136
0.08568139580039387 0.23831893510734092
0.09953732212698675 0.24703926523978836
0.11042412138359546 0.2587001969172701
0.11818433986196324 0.27935133772362297
0.12238310541547621 0.2987046604227288
0.12609451425295642 0.31856175724849245
0.13034201547807273 0.339471741998971
0.13417713794346897 0.35790123890676284
0.13689883775762113 0.3795830775870136
0.1408576738509334 0.40272814021276426
0.1435518817477709 0.42495885279863077
0.14654850073506975 0.4455363466255152
0.14914648692130594 0.4659845384265573
0.1526929442548981 0.49207254154864455
0.15568269026286835 0.516370767139559
0.1586724362708385 0.54013001438806
0.16052814068957866 0.5596638561492182
0.16419196736247577 0.5818832015240217
0.166466394829547 0.6038851489872444
0.16971829590619636 0.6300806838961288
0.17166236720201933 0.6541120591326905
0.17475520789991955 0.6767006612543702
0.17784804859781972 0.7031336896801078
0.18016767912124487 0.726324931600802
0.18295123574935507 0.7524046884202207
0.18650800255194028 0.7764756459095912
0.1896008432498405 0.796425101325242
0.19346689412221574 0.8196301970344193
0.19633636299193424 0.8415884517801184
0.20129740443462668 0.8643842310113863
0.20367326842528638 0.884569830548908
0.20753931929766162 0.9055929545719985
0.21156001220493187 0.9234297072439781
0.21728176749604722 0.941093287559919
0.22300352278716262 0.9612297691200917
0.23228204488086318 0.9773555789144095
0.23756345177664967 0.9877216916780353
0.24467005076142134 0.9945429740791267
0.25177664974619285 0.9931787175989084
0.2578680203045685 0.9877216916780353
0.2639593908629441 0.9795361527967256
0.2720812182741117 0.971350613915416
0.28324873096446695 0.9563437926330148
0.2964467005076142 0.9413369713506137
0.30862944162436545 0.9236016371077761
0.3197969543147208 0.9085948158253749
0.33197969543147204 0.8908594815825374
0.34111675126903546 0.8772169167803545
0.349238578680203 0.8622100954979535
0.3576330590487006 0.8465106213352872
0.36774846744889184 0.8285139388992013
0.37764555768217245 0.8105386483423909
0.3877075994193411 0.7938205890904209
0.39695431472081216 0.7830832196452931
0.4050761421319796 0.7735334242837653
0.41522842639593904 0.7667121418826737
0.4258938725694156 0.7668283713840933
0.43950237164017636 0.7737048882129729
0.45311087071093725 0.7845864093487824
0.46671936978169815 0.7966014222695723
0.48032786885245904 0.8065005838583991
0.4939363679232198 0.8093720963803488
0.5075448669939807 0.8025711456704678
0.5195038510258615 0.7866166190792137
0.527833901972206 0.7708787153624224
0.5380866688857453 0.7537034810905103
0.5471332279271033 0.7338653507608843
0.5557931818812238 0.7155189765839911
0.5644531358353443 0.6975288426823772
0.5731130897894648 0.6791824685054839
0.5819379952474735 0.6610458802684775
0.5918884521437766 0.6433977835984883
0.6023095059776427 0.6277413727551269
0.6164128595600676 0.6116911290798078
0.6299261943016623 0.5946713139699519
0.6383720285151591 0.5837694481097964
0.6510526753765499 0.5710365570585191
0.663865872553565 0.5539046383655332
0.6753195793139206 0.5378281541477924
0.6894039000305123 0.5239588649223429
0.7005076142131978 0.5102319236016369
0.7116751269035533 0.4979536152796724
0.7228426395939086 0.48431105047748957
0.7343531848399952 0.4709996098574363
0.747549305151036 0.4599543621304628
0.7611578042217969 0.4481660475666691
0.7747663032925577 0.43728452643085947
0.7883748023633186 0.42814102603201953
0.8019833014340795 0.4204332818941544
0.8155918005048404 0.4138590295412694
0.8292002995756012 0.40743590942638186
0.842808798646362 0.4010127893114942
0.8564172977171229 0.393078346816633
0.8700257967878838 0.3818945612048287
0.8836342958586446 0.3691238870940522
0.8972427949294055 0.3549174567223007
0.9108512940001663 0.34063546023155067
0.9244597930709273 0.32952724073874506
0.937140439932318 0.3242187208790879
0.9516767912124491 0.32839374895376483
0.9661100478026499 0.3420208390798597
0.9768834429003357 0.35933807468372336
0.9846670919900511 0.37970314375386705
0.9929781100705624 0.3992689557961401
0.9999251060996921 0.4181889681598936
1.0075128752785405 0.43772280992105184
